0 ,0
2 ,2
3 ,3
7 ,7
8 ,8
9 ,9
10 ,10
11 ,11
12 ,12
13 ,13
14 ,14
15 ,15
16 ,16
17 ,17
18 ,18
19 ,19
20 ,20
21 ,21
22 ,22
23 ,23
24 ,24
25 ,25
26 ,26
27 ,27
28 ,28
29 ,29
30 ,30
31 ,31
32 ,32
33 ,33
34 ,34
35 ,35
36 ,36
37 ,37
38 ,38
39 ,39
40 ,40
43 ,43
44 ,44
45 ,45
47 ,47
48 ,48
49 ,49
50 ,50
51 ,51
52 ,52
53 ,53
54 ,54
55 ,55
56 ,56
57 ,57
59 ,59
60 ,60
61 ,61
62 ,62
63 ,63
64 ,64
65 ,65
66 ,66
67 ,67
68 ,68
69 ,69
70 ,70
75 ,75
81 ,81
84 ,84
85 ,85
89 ,89
90 ,90
92 ,92
100 ,100
101 ,101
112 ,112
129 ,129
130 ,130
135 ,135
138 ,138
146 ,146
161 ,161
183 ,183
193 ,193
194 ,194
200 ,200
204 ,204
208 ,208
211 ,211
213 ,213
215 ,215
216 ,216
222 ,222
227 ,227
230 ,230
232 ,232
233 ,233
235 ,235
245 ,245
248 ,248
249 ,249
250 ,250
260 ,260
308 ,308
402 ,402
444 ,444
449 ,449
454 ,454
506 ,506
593 ,593
602 ,602
604 ,604
619 ,619
632 ,632
638 ,638
644 ,644
657 ,657
666 ,666
672 ,672
673 ,673
677 ,677
680 ,680
683 ,683
686 ,686
688 ,688
692 ,692
695 ,695
698 ,698
700 ,700
703 ,703
706 ,706
709 ,709
713 ,713
716 ,716
717 ,717
720 ,720
723 ,723
724 ,724
726 ,726
729 ,729
732 ,732
733 ,733
737 ,737
739 ,739
743 ,743
744 ,744
747 ,747
748 ,748
752 ,752
753 ,753
756 ,756
759 ,759
761 ,761
764 ,764
767 ,767
770 ,770
773 ,773
776 ,776
777 ,777
778 ,778
779 ,779
780 ,780
781 ,781
